# This file may be used to create an environment using:
# $ conda create --name <env> --file <this file>
# platform: linux-64
_libgcc_mutex=0.1=main
_pytorch_select=0.2=gpu_0
_tflow_select=2.3.0=mkl
absl-py=0.8.1=py37_0
apex=0.1=pypi_0
astor=0.8.0=py37_0
blas=1.0=mkl
blosc=1.17.1=he1b5a44_0
bzip2=1.0.8=h7b6447c_0
c-ares=1.15.0=h7b6447c_1001
ca-certificates=2020.1.1=0
certifi=2019.11.28=py37_0
cffi=1.13.2=py37h2e261b9_0
cloudpickle=1.2.2=py_1
cmake=3.14.0=h52cb24c_0
cuda80=1.0=h205658b_0
cudatoolkit=10.0.130=0
cudnn=7.6.5=cuda10.0_0
cvxopt=1.2.0=py37hfa32c7d_0
cycler=0.10.0=py_2
cytoolz=0.10.1=py37h516909a_0
dask-core=2.10.1=py_0
dbus=1.13.6=he372182_0
dcm2niix=1.0.20190902=hc9558a2_0
decorator=4.4.1=py_0
dicom2nifti=2.2.2=py_0
dipy=1.1.0=py37hc1659b7_0
expat=2.2.6=he6710b0_0
fontconfig=2.13.1=he4413a7_1000
freetype=2.9.1=h8a8886c_1
gast=0.2.2=py37_0
gdcm=2.8.9=py37h71b2a6d_0
gettext=0.19.8.1=hc5be6a0_1002
glib=2.58.3=py37h6f030ca_1002
glpk=4.65=he80fd80_1002
gmp=6.2.0=he1b5a44_1
google-pasta=0.1.8=py_0
grpcio=1.16.1=py37hf8bcb03_1
gsl=2.4=h14c3975_4
gst-plugins-base=1.14.5=h0935bb2_1
gstreamer=1.14.5=h36ae1b5_1
h5py=2.10.0=nompi_py37h513d04c_101
hdf5=1.10.5=nompi_h3c11f04_1104
icu=58.2=hf484d3e_1000
imageio=2.6.1=py37_0
intel-openmp=2019.4=243
joblib=0.14.1=py_0
jpeg=9b=h024ee3a_2
json-c=0.13.1=h14c3975_1001
keras=2.2.4=0
keras-applications=1.0.8=py_0
keras-base=2.2.4=py37_0
keras-preprocessing=1.1.0=py_1
kiwisolver=1.1.0=py37hc9558a2_0
krb5=1.16.4=h173b8e3_0
ld_impl_linux-64=2.33.1=h53a641e_7
libcurl=7.67.0=h20c2e04_0
libedit=3.1.20181209=hc058e9b_0
libffi=3.2.1=hd88cf55_4
libgcc-ng=9.1.0=hdf63c60_0
libgfortran-ng=7.3.0=hdf63c60_0
libiconv=1.15=h516909a_1005
libjpeg-turbo=2.0.3=h516909a_1
libpng=1.6.37=hbc83047_0
libprotobuf=3.11.2=hd408876_0
libssh2=1.8.2=h1ba5d50_0
libstdcxx-ng=9.1.0=hdf63c60_0
libtiff=4.1.0=h2733197_0
libuuid=2.32.1=h14c3975_1000
libxcb=1.13=h14c3975_1002
libxml2=2.9.9=h13577e0_2
lzo=2.10=h14c3975_1000
magma-cuda100=2.5.1=1
magma-cuda102=2.5.1=1
magma-cuda80=2.3.0=1
markdown=3.1.1=py37_0
matplotlib=3.1.2=py37h4fdacc2_0
matplotlib-base=3.1.2=py37hef1b27d_1
metis=5.1.0=he1b5a44_1005
mkl=2019.4=243
mkl-include=2019.4=243
mkl-service=2.3.0=py37he904b0f_0
mkl_fft=1.0.15=py37ha843d7b_0
mkl_random=1.1.0=py37hd6b4f25_0
mock=3.0.5=py37_0
ncurses=6.1=he6710b0_1
networkx=2.4=py_0
nibabel=3.0.1=py_0
ninja=1.9.0=py37hfd86e86_0
numexpr=2.7.1=py37hb3f55d8_0
numpy=1.18.1=py37h4f9e942_0
numpy-base=1.18.1=py37hde5b4d6_1
olefile=0.46=py_0
openjpeg=2.3.1=h981e76c_3
openssl=1.1.1d=h7b6447c_3
opt_einsum=3.1.0=py_0
pcre=8.43=he1b5a44_0
pillow=6.1.0=py37h34e0f95_0
pip=19.3.1=py37_0
protobuf=3.11.2=py37he6710b0_0
pthread-stubs=0.4=h14c3975_1001
pycparser=2.19=py_0
pydicom=1.4.1=py_0
pynvml=8.0.4=pypi_0
pyparsing=2.4.6=py_0
pyqt=5.9.2=py37hcca6a23_4
pytables=3.6.1=py37h9f153d1_1
python=3.7.6=h0371630_2
python-dateutil=2.8.1=py_0
pytorch=1.2.0=py3.7_cuda10.0.130_cudnn7.6.2_0
pywavelets=1.1.1=py37hc1659b7_0
pyyaml=5.3=py37h7b6447c_0
qt=5.9.7=h5867ecd_1
readline=7.0=h7b6447c_5
rhash=1.3.8=h1ba5d50_0
scikit-image=0.16.2=py37hb3f55d8_0
scikit-learn=0.22.1=py37hd81dba3_0
scipy=1.3.2=py37h7c811a0_0
setuptools=45.1.0=py37_0
sip=4.19.8=py37hf484d3e_1000
six=1.13.0=py37_0
sqlite=3.30.1=h7b6447c_0
suitesparse=5.2.0=h9e4a6bb_0
tbb=2019.9=hc9558a2_1
tensorboard=1.15.2=pyhb230dea_0
tensorflow=1.15.2=mkl_py37h28c19af_0
tensorflow-base=1.15.0=mkl_py37he1670d9_0
tensorflow-estimator=1.15.1=pyh2649769_0
termcolor=1.1.0=py37_1
tk=8.6.8=hbc83047_0
toolz=0.10.0=py_0
torchvision=0.4.0=py37_cu100
tornado=6.0.3=py37h516909a_0
typing=3.6.4=py37_0
webencodings=0.5.1=py37_1
werkzeug=0.16.1=py_0
wheel=0.33.6=py37_0
wrapt=1.11.2=py37h7b6447c_0
xorg-libxau=1.0.9=h14c3975_0
xorg-libxdmcp=1.1.3=h516909a_0
xz=5.2.4=h14c3975_4
yaml=0.1.7=had09818_2
zlib=1.2.11=h7b6447c_3
zstd=1.3.7=h0b5b093_0
